8

0
-20 20

0
0 20 

0
10 5

0
-20 -20

2
-20 10

2
-20 -10

2
0 5

2
0 -15

11

0 4
1 0
-20 10 -20 10
1 1
7 0
1 6

1 4
3 2
-7 10 -13 15
1 1
3 4
5 2 

1 6
1 0
0 12.5 0 12.5
1 1
7 0
1 6

2 6 
3 2
5 5 5 5
1 1
3 4
5 2

6 7
1 0
0 -5 0 -5
1 1
7 0
1 6

6 5
3 2
-10 0 -15 -15
1 1
3 4
5 2

4 5
1 0
-20 0 -20 0
1 1
7 0
1 6

4 5
3 3
-40 10 -40 -10
1 1
3 2
3 2

5 3 
1 0
-20 -15 -20 -15
1 1
7 0
1 6

3 7
2 3
-7 -25 -13 -10
1 1
5 2
3 4

7 7
2 1
30 -15 0 -45
1 1
5 6
7 4

